[1] -0.1583087
[1] 0.0008810019
[1] 0.0003118146
[1] 0.002915977
[1] 0.0005782518
[1] 0.003581475
[1] 0.0006400726
[1] 0.006927342
[1] 0.0009344977
[1] 0.006927417
[1] 0.001774462
[1] 0.007910376
[1] 0.001786217
[1] 0.00968032
[1] 0.002347797
[1] 0.009702374
[1] 0.002362477
[1] 0.00984115
[1] 0.002374065
[1] 0.01588284
[1] 0.002633406
[1] 0.01630056
[1] 0.002635661
[1] 0.01641865
[1] 0.002655267
[1] 0.01696414
[1] 0.002830738
[1] 0.01721369
[1] 0.003149187
[1] 0.01723461
[1] 0.003367465
[1] 0.01861068
[1] 0.003472675
[1] 0.01865113
[1] 0.003483989
[1] 0.01865188
[1] 0.003809123
[1] 0.01994768
[1] 0.004248563
[1] 0.02138504
[1] 0.004410894
[1] 0.02229279
[1] 0.004500686
[1] 0.02236437
[1] 0.004531225
[1] 0.02260234
[1] 0.004581524
[1] 0.02268215
[1] 0.00460373
[1] 0.02271359
[1] 0.004672868
[1] 0.02290792
[1] 0.004691613
[1] 0.02405797
[1] 0.004768131
[1] 0.02444116
[1] 0.004987433
[1] 0.02490495
[1] 0.005134517
[1] 0.02710693
[1] 0.00544775
[1] 0.03074975
[1] 0.006382061
[1] 0.03076811
[1] 0.006432545
[1] 0.03286122
[1] 0.006734207
[1] 0.03307152
[1] 0.006766581
[1] 0.03468076
[1] 0.006766608
[1] 0.03475849
[1] 0.006849047
[1] 0.03482334
[1] 0.006920473
[1] 0.03582607
[1] 0.007061879
[1] 0.03615297
[1] 0.007364621
[1] 0.03616988
[1] 0.007656613
[1] 0.03828188
[1] 0.008195486
[1] 0.03861048
[1] 0.00826587
[1] 0.03887369
[1] 0.008419856
[1] 0.03888056
[1] 0.008791628
[1] 0.03888767
[1] 0.008922152
[1] 0.03930729
[1] 0.008922275
[1] 0.03930751
[1] 0.009035221
[1] 0.04077326
[1] 0.009081703
[1] 0.04143465
[1] 0.009472052
[1] 0.04146737
[1] 0.00948339
