[1] -0.1140573
[1] 0.1115106
[1] 0.001601946
[1] 497.643
[1] 33.23492
[1] 497.6433
[1] 34.40211
[1] 497.661
[1] 34.51438
[1] 498.1217
[1] 34.5428
[1] 498.4025
[1] 34.5646
[1] 498.9333
[1] 34.6366
[1] 498.9659
[1] 34.81494
[1] 498.9675
[1] 34.82787
[1] 498.9694
[1] 34.98108
[1] 498.9782
[1] 34.98146
[1] 498.9879
[1] 34.99362
[1] 499.0117
[1] 34.9952
[1] 499.0127
[1] 34.99874
[1] 499.2128
[1] 35.13968
[1] 499.222
[1] 35.16186
[1] 499.2243
[1] 35.25514
[1] 499.2332
[1] 35.25528
[1] 499.2902
[1] 35.57704
[1] 499.9214
[1] 35.578
[1] 499.9215
[1] 35.57898
[1] 499.9308
[1] 35.58078
[1] 499.9564
[1] 35.58264
[1] 499.9572
[1] 35.58462
[1] 499.9622
[1] 35.60766
[1] 500.1879
[1] 35.61933
[1] 500.2776
[1] 35.6203
[1] 500.2786
[1] 35.63068
[1] 500.3078
[1] 48.38534
[1] 502.2351
[1] 48.59393
[1] 502.2363
[1] 48.59487
[1] 502.3136
[1] 48.61468
[1] 502.4546
[1] 48.63543
[1] 502.4546
[1] 48.6399
[1] 502.5374
[1] 48.78548
[1] 504.4957
[1] 48.79236
[1] 504.496
[1] 55.17361
[1] 504.4967
[1] 55.1906
[1] 504.6476
[1] 55.19077
[1] 504.6481
[1] 55.2037
[1] 504.6624
[1] 55.20714
[1] 518.3053
[1] 55.98871
[1] 518.4293
[1] 56.07656
[1] 518.4293
[1] 56.07966
[1] 518.4368
[1] 56.08497
[1] 518.4583
[1] 56.10902
[1] 518.4587
[1] 56.10905
[1] 518.6502
[1] 56.12413
[1] 518.6507
[1] 56.13574
[1] 518.6508
[1] 56.37337
