[1] 0.1752585
[1] 0.0003563085
[1] 0.0003411149
[1] 0.0005188808
[1] 0.0005406512
[1] 0.0009007253
[1] 0.000549537
[1] 0.003230273
[1] 0.001913602
[1] 0.004667869
[1] 0.001999601
[1] 0.004692741
[1] 0.002056994
[1] 0.004756438
[1] 0.002293699
[1] 0.004790579
[1] 0.002712716
[1] 0.004845652
[1] 0.002750122
[1] 0.00647061
[1] 0.003726346
[1] 0.01361472
[1] 0.004714398
[1] 0.01530827
[1] 0.004742709
[1] 0.0153111
[1] 0.004747445
[1] 0.01639767
[1] 0.005119592
[1] 0.01698991
[1] 0.005516816
[1] 0.01701208
[1] 0.005903678
[1] 0.01725349
[1] 0.005909915
[1] 0.0180698
[1] 0.007074
[1] 0.02136539
[1] 0.007954139
[1] 0.03087796
[1] 0.007964479
[1] 0.03225861
[1] 0.008697442
[1] 0.03320848
[1] 0.008715651
[1] 0.03358928
[1] 0.008735554
[1] 0.03360529
[1] 0.009114142
[1] 0.03608645
[1] 0.009358908
[1] 0.03619619
[1] 0.009685558
[1] 0.03716349
[1] 0.01001814
[1] 0.0378693
[1] 0.01088392
[1] 0.04014065
[1] 0.01111059
[1] 0.04023057
[1] 0.01111936
[1] 0.04046407
[1] 0.01114416
[1] 0.04084279
[1] 0.01124298
[1] 0.04101433
[1] 0.01137193
[1] 0.04108494
[1] 0.01141822
[1] 0.04130605
[1] 0.01145969
[1] 0.04785055
[1] 0.01390494
[1] 0.05539336
[1] 0.01528408
[1] 0.05591795
[1] 0.01574769
[1] 0.05618668
[1] 0.01575292
[1] 0.05620665
[1] 0.01582742
[1] 0.05823532
[1] 0.01586163
[1] 0.06052531
[1] 0.01634633
[1] 0.06263371
[1] 0.01643999
[1] 0.06264372
[1] 0.01645346
[1] 0.06285364
[1] 0.01653549
[1] 0.06422639
[1] 0.01654349
[1] 0.06578725
[1] 0.01654538
[1] 0.06578849
[1] 0.01661887
[1] 0.06586841
[1] 0.01662321
[1] 0.06642844
[1] 0.01675078
