[1] -0.04208631
[1] 0.0005387261
[1] 0.000265609
[1] 0.0007698036
[1] 0.0006638939
[1] 0.00252262
[1] 0.0007348693
[1] 0.0025719
[1] 0.0007413328
[1] 0.002698552
[1] 0.001090287
[1] 0.007377828
[1] 0.001260753
[1] 0.00742173
[1] 0.001333982
[1] 0.007485831
[1] 0.001333999
[1] 0.008410808
[1] 0.001583976
[1] 0.00895722
[1] 0.001758898
[1] 0.009231756
[1] 0.001888928
[1] 0.009400914
[1] 0.001945148
[1] 0.01019036
[1] 0.002229382
[1] 0.01050859
[1] 0.002797275
[1] 0.01316495
[1] 0.002878436
[1] 0.01354233
[1] 0.002934092
[1] 0.01371
[1] 0.003016534
[1] 0.01413191
[1] 0.003797428
[1] 0.01728738
[1] 0.003858307
[1] 0.01735439
[1] 0.003868373
[1] 0.0196325
[1] 0.003933717
[1] 0.02259928
[1] 0.003942741
[1] 0.02282176
[1] 0.003978055
[1] 0.02286784
[1] 0.004002793
[1] 0.02286877
[1] 0.004024006
[1] 0.02352714
[1] 0.004044946
[1] 0.02788999
[1] 0.004161184
[1] 0.02789697
[1] 0.00420361
[1] 0.02791148
[1] 0.004320066
[1] 0.02956121
[1] 0.00454393
[1] 0.02958736
[1] 0.004550957
[1] 0.03312183
[1] 0.004579375
[1] 0.03319664
[1] 0.004595602
[1] 0.03474604
[1] 0.004617117
[1] 0.03516895
[1] 0.004642891
[1] 0.03567332
[1] 0.004656957
[1] 0.03570105
[1] 0.004720584
[1] 0.03603939
[1] 0.004721421
[1] 0.03641385
[1] 0.004963861
[1] 0.03678136
[1] 0.004970157
[1] 0.03713121
[1] 0.005459278
[1] 0.03713204
[1] 0.00573606
[1] 0.03735498
[1] 0.005789333
[1] 0.03764889
[1] 0.005790549
[1] 0.03848458
[1] 0.00692878
[1] 0.03848506
[1] 0.006986168
[1] 0.0384862
[1] 0.006987339
[1] 0.03950667
[1] 0.007363088
[1] 0.04130403
[1] 0.007631458
[1] 0.04184788
[1] 0.007666523
