[1] -0.2452398
[1] 0.0003067222
[1] 0.0002886801
[1] 0.0003509569
[1] 0.0004451982
[1] 0.0003755134
[1] 0.0006084452
[1] 0.003250278
[1] 0.0007071128
[1] 0.003356261
[1] 0.0008022559
[1] 0.003756317
[1] 0.000811046
[1] 0.003827662
[1] 0.001052719
[1] 0.004165002
[1] 0.001209362
[1] 0.004167195
[1] 0.001263148
[1] 0.004395223
[1] 0.001280047
[1] 0.004476148
[1] 0.001336313
[1] 0.004841546
[1] 0.001337729
[1] 0.004842468
[1] 0.001377699
[1] 0.00543809
[1] 0.001516425
[1] 0.005553054
[1] 0.001738825
[1] 0.006057113
[1] 0.002093615
[1] 0.006715781
[1] 0.002226536
[1] 0.006730297
[1] 0.002246409
[1] 0.006876591
[1] 0.002249367
[1] 0.006920771
[1] 0.002249392
[1] 0.007587803
[1] 0.002304331
[1] 0.007797539
[1] 0.002555403
[1] 0.007873073
[1] 0.002586066
[1] 0.007890734
[1] 0.002589695
[1] 0.008969808
[1] 0.00272338
[1] 0.01012352
[1] 0.003156323
[1] 0.0102129
[1] 0.003356693
[1] 0.0104018
[1] 0.003388959
[1] 0.01082177
[1] 0.003474714
[1] 0.01131942
[1] 0.003624293
[1] 0.01133966
[1] 0.003649499
[1] 0.01134043
[1] 0.003931952
[1] 0.01170527
[1] 0.004116436
[1] 0.01171353
[1] 0.004160907
[1] 0.01176815
[1] 0.004162143
[1] 0.01193164
[1] 0.004365745
[1] 0.01203853
[1] 0.004746721
[1] 0.01205893
[1] 0.004991967
[1] 0.01217232
[1] 0.005037722
[1] 0.0131444
[1] 0.005111533
[1] 0.01315279
[1] 0.00523856
[1] 0.014298
[1] 0.005775157
[1] 0.01434356
[1] 0.005808433
[1] 0.01437677
[1] 0.006068153
[1] 0.01453163
[1] 0.006330394
[1] 0.01662294
[1] 0.006632485
[1] 0.01741652
[1] 0.006747008
[1] 0.01742647
[1] 0.006750826
[1] 0.01743605
[1] 0.006770392
[1] 0.01875436
[1] 0.007163651
