[1] -0.1264354
[1] 0.03136021
[1] 8.193363
[1] 0.04394776
[1] 8.694222
[1] 0.07822799
[1] 8.694332
[1] 1.446714
[1] 8.813579
[1] 1.448015
[1] 8.877365
[1] 1.448059
[1] 8.87942
[1] 1.482757
[1] 8.881885
[1] 1.520458
[1] 8.950624
[1] 1.528525
[1] 8.975751
[1] 1.631924
[1] 9.047608
[1] 1.638038
[1] 9.047639
[1] 1.651363
[1] 9.049562
[1] 1.68706
[1] 9.066439
[1] 1.736745
[1] 9.067689
[1] 1.746329
[1] 13.12404
[1] 1.774657
[1] 13.13139
[1] 1.802402
[1] 13.14251
[1] 1.827337
[1] 13.19646
[1] 1.855642
[1] 14.63135
[1] 1.94971
[1] 14.63535
[1] 1.954076
[1] 14.85753
[1] 1.975163
[1] 14.88853
[1] 2.109912
[1] 14.89022
[1] 2.385232
[1] 14.89432
[1] 2.413362
[1] 14.93037
[1] 2.414266
[1] 14.93443
[1] 2.429601
[1] 14.93454
[1] 2.672509
[1] 14.9884
[1] 2.680552
[1] 15.67119
[1] 3.083933
[1] 15.874
[1] 3.090232
[1] 15.87432
[1] 3.093993
[1] 15.98748
[1] 3.094012
[1] 15.9923
[1] 3.108248
[1] 16.08784
[1] 3.108318
[1] 16.08803
[1] 3.13309
[1] 16.1204
[1] 3.138538
[1] 16.13137
[1] 5.791783
[1] 16.27057
[1] 5.816874
[1] 16.2706
[1] 5.826669
[1] 16.2996
[1] 5.843401
[1] 16.31315
[1] 7.45147
[1] 16.33498
[1] 7.455534
[1] 16.33577
[1] 7.463162
[1] 16.35124
[1] 7.492709
[1] 17.03436
[1] 7.492985
[1] 17.03693
[1] 7.493031
[1] 17.04253
[1] 8.462439
[1] 17.13017
[1] 8.465672
[1] 17.18178
[1] 8.563841
[1] 17.18551
