[1] -0.2068029
[1] 0.000222129
[1] 9.744405e-05
[1] 0.0006998342
[1] 0.0004188409
[1] 0.0008031513
[1] 0.0004327805
[1] 0.0008092307
[1] 0.0004357069
[1] 0.001136039
[1] 0.000588191
[1] 0.001274582
[1] 0.0008804885
[1] 0.001788836
[1] 0.001198813
[1] 0.00180232
[1] 0.001240043
[1] 0.001962415
[1] 0.001539972
[1] 0.002064764
[1] 0.001790055
[1] 0.002095568
[1] 0.00186677
[1] 0.002146797
[1] 0.002303481
[1] 0.004098027
[1] 0.002339047
[1] 0.004182208
[1] 0.002407378
[1] 0.00695941
[1] 0.00240841
[1] 0.007000619
[1] 0.002414041
[1] 0.007014566
[1] 0.002488317
[1] 0.007088123
[1] 0.002510317
[1] 0.007092142
[1] 0.002556967
[1] 0.007512126
[1] 0.002943355
[1] 0.007515137
[1] 0.002945196
[1] 0.007539317
[1] 0.002954903
[1] 0.01017014
[1] 0.002978899
[1] 0.01100869
[1] 0.003038053
[1] 0.01101009
[1] 0.003090885
[1] 0.01136992
[1] 0.003152031
[1] 0.01140721
[1] 0.003258203
[1] 0.01177385
[1] 0.003450262
[1] 0.01191578
[1] 0.003523358
[1] 0.01206183
[1] 0.003849986
[1] 0.01211658
[1] 0.003879361
[1] 0.01336071
[1] 0.004037389
[1] 0.01484248
[1] 0.004091198
[1] 0.01562077
[1] 0.004266568
[1] 0.01680531
[1] 0.004321022
[1] 0.0169814
[1] 0.00432118
[1] 0.01698345
[1] 0.004405057
[1] 0.01779002
[1] 0.004406374
[1] 0.01787942
[1] 0.004407913
[1] 0.01798503
[1] 0.004609082
[1] 0.01807284
[1] 0.004867565
[1] 0.01902418
[1] 0.004902617
[1] 0.01922588
[1] 0.004903033
[1] 0.01979759
[1] 0.00503895
[1] 0.01979935
[1] 0.005067662
[1] 0.02038087
[1] 0.005079717
[1] 0.02179101
[1] 0.005101387
[1] 0.02179183
[1] 0.005195077
[1] 0.02184131
[1] 0.005223011
[1] 0.02412243
[1] 0.00547106
