[1] -0.02368587
[1] 5.16565e-05
[1] 2.396762
[1] 0.001397011
[1] 2.407726
[1] 0.6922293
[1] 2.44471
[1] 0.7036523
[1] 2.45476
[1] 0.7354564
[1] 2.463232
[1] 0.7408251
[1] 2.487358
[1] 0.7896895
[1] 2.523134
[1] 0.8004601
[1] 2.525013
[1] 0.8017637
[1] 2.53442
[1] 1.176846
[1] 4.429556
[1] 1.181831
[1] 4.42964
[1] 2.44195
[1] 4.447206
[1] 2.455954
[1] 5.078096
[1] 4.602506
[1] 5.154461
[1] 4.62176
[1] 5.163129
[1] 4.661774
[1] 5.163211
[1] 4.687125
[1] 5.17923
[1] 4.691205
[1] 5.181669
[1] 4.772368
[1] 5.207655
[1] 5.20341
[1] 5.267267
[1] 5.209252
[1] 5.267679
[1] 5.321324
[1] 5.296479
[1] 5.335481
[1] 5.33973
[1] 5.343199
[1] 5.352387
[1] 5.386667
[1] 5.368413
[1] 5.392414
[1] 5.406764
[1] 5.451443
[1] 5.407815
[1] 5.917074
[1] 5.416836
[1] 5.933713
[1] 5.416837
[1] 6.051478
[1] 5.841279
[1] 6.052516
[1] 5.842176
[1] 6.445665
[1] 5.862812
[1] 6.445967
[1] 5.867813
[1] 6.44618
[1] 5.874119
[1] 6.784041
[1] 5.993654
[1] 6.989914
[1] 5.993655
[1] 12.31739
[1] 6.189384
[1] 48.67641
[1] 8.127654
[1] 49.20715
[1] 23.94758
[1] 49.22089
[1] 23.9476
[1] 49.2327
[1] 23.95016
[1] 49.26529
[1] 24.69523
[1] 49.33257
[1] 24.70842
[1] 49.33537
[1] 24.70857
[1] 49.37197
[1] 24.71008
[1] 49.3733
[1] 24.9662
[1] 49.37349
[1] 24.98877
[1] 49.44652
[1] 25.0825
[1] 50.3271
[1] 25.12637
[1] 50.38292
[1] 32.59205
