[1] 0.08398358
[1] 4.814908e-06
[1] 0.0001945448
[1] 0.002797364
[1] 0.0003972508
[1] 0.006681823
[1] 0.0004273619
[1] 0.006833959
[1] 0.0004388641
[1] 0.0070301
[1] 0.0006726065
[1] 0.00799707
[1] 0.0007416344
[1] 0.008192894
[1] 0.0007418091
[1] 0.008224625
[1] 0.0007487544
[1] 0.008407588
[1] 0.0007504418
[1] 0.008577318
[1] 0.0009718071
[1] 0.008751068
[1] 0.00101761
[1] 0.008928173
[1] 0.001041313
[1] 0.009018197
[1] 0.001062964
[1] 0.009571622
[1] 0.001176117
[1] 0.009794798
[1] 0.00122175
[1] 0.01015576
[1] 0.001223081
[1] 0.01041354
[1] 0.001454493
[1] 0.01144803
[1] 0.001704267
[1] 0.01160803
[1] 0.001765487
[1] 0.01160807
[1] 0.00176972
[1] 0.01165688
[1] 0.001778166
[1] 0.01203823
[1] 0.001795009
[1] 0.01203927
[1] 0.001820328
[1] 0.01210882
[1] 0.00193783
[1] 0.0121906
[1] 0.002244368
[1] 0.0121909
[1] 0.002246427
[1] 0.01265619
[1] 0.002246481
[1] 0.01265664
[1] 0.002551415
[1] 0.01268119
[1] 0.002551792
[1] 0.01271004
[1] 0.002843533
[1] 0.0131866
[1] 0.002991174
[1] 0.01325487
[1] 0.003018927
[1] 0.01325776
[1] 0.003018939
[1] 0.01337649
[1] 0.003061504
[1] 0.01337773
[1] 0.003154848
[1] 0.01351396
[1] 0.003191621
[1] 0.01447363
[1] 0.003229639
[1] 0.01454836
[1] 0.003234832
[1] 0.0148073
[1] 0.00323702
[1] 0.0155201
[1] 0.003275881
[1] 0.01602681
[1] 0.00332115
[1] 0.01610444
[1] 0.003360132
[1] 0.01671771
[1] 0.00336536
[1] 0.01671807
[1] 0.003365715
[1] 0.01862693
[1] 0.003366709
[1] 0.01865313
[1] 0.003374302
[1] 0.01865452
[1] 0.003508226
[1] 0.01865471
[1] 0.003519572
[1] 0.01993534
[1] 0.003528265
[1] 0.02002544
[1] 0.003534446
