[1] -0.06002375
[1] 0.002024359
[1] 1.160673
[1] 0.03239822
[1] 1.188705
[1] 0.03291592
[1] 1.199441
[1] 0.08304985
[1] 1.210734
[1] 0.1290613
[1] 1.213734
[1] 0.1365822
[1] 1.214344
[1] 0.1376511
[1] 1.216579
[1] 0.1590969
[1] 2.318817
[1] 0.308567
[1] 2.322836
[1] 0.3256252
[1] 2.644654
[1] 0.3275324
[1] 2.666456
[1] 0.4310182
[1] 2.666586
[1] 0.4437293
[1] 2.682666
[1] 0.9652379
[1] 2.697355
[1] 0.9796318
[1] 2.732692
[1] 0.9832829
[1] 2.764087
[1] 0.9836455
[1] 2.778451
[1] 0.9836517
[1] 2.785331
[1] 1.013008
[1] 2.842415
[1] 1.161282
[1] 2.850168
[1] 1.168937
[1] 2.867611
[1] 1.249243
[1] 2.873424
[1] 1.261755
[1] 3.065797
[1] 1.264236
[1] 3.078035
[1] 1.264656
[1] 3.084938
[1] 3.354438
[1] 3.283864
[1] 4.173647
[1] 3.308658
[1] 7.637375
[1] 3.411188
[1] 7.641607
[1] 4.916946
[1] 7.649901
[1] 12.71003
[1] 7.776145
[1] 12.71792
[1] 7.780391
[1] 13.33842
[1] 7.865279
[1] 13.33857
[1] 7.870456
[1] 13.59728
[1] 7.884658
[1] 13.64812
[1] 8.574611
[1] 13.68206
[1] 9.159906
[1] 13.71162
[1] 9.85236
[1] 18.81057
[1] 9.92193
[1] 18.81146
[1] 9.924316
[1] 18.81443
[1] 9.92482
[1] 18.81704
[1] 15.97649
[1] 19.14149
[1] 16.00137
[1] 19.14252
[1] 16.75008
[1] 19.15097
[1] 16.75322
[1] 19.17866
[1] 16.76693
[1] 19.23694
[1] 16.76834
[1] 19.27364
[1] 16.78754
[1] 19.27578
[1] 16.85824
[1] 19.27788
[1] 16.95826
[1] 19.3275
