[1] 0.009960301
[1] 1.307526e-05
[1] 3.348098e-06
[1] 0.002311736
[1] 1.199862e-05
[1] 0.002531793
[1] 1.990613e-05
[1] 0.002769525
[1] 3.877761e-05
[1] 0.003226239
[1] 4.044797e-05
[1] 0.003370463
[1] 4.426026e-05
[1] 0.003584184
[1] 0.0004581737
[1] 0.004032469
[1] 0.0005259829
[1] 0.005206085
[1] 0.0008686808
[1] 0.005885449
[1] 0.0008740397
[1] 0.007103238
[1] 0.0009047735
[1] 0.007187438
[1] 0.0009050082
[1] 0.007260402
[1] 0.0009260843
[1] 0.0106033
[1] 0.000930638
[1] 0.01060633
[1] 0.00109645
[1] 0.01061023
[1] 0.001098245
[1] 0.01084376
[1] 0.001117023
[1] 0.0110348
[1] 0.001136503
[1] 0.01105989
[1] 0.001148971
[1] 0.01106228
[1] 0.001191621
[1] 0.01109552
[1] 0.001567067
[1] 0.0111542
[1] 0.001576665
[1] 0.01243018
[1] 0.001747779
[1] 0.01265366
[1] 0.001831521
[1] 0.01371235
[1] 0.001955883
[1] 0.01374235
[1] 0.00195784
[1] 0.01374787
[1] 0.001957863
[1] 0.01376112
[1] 0.001992884
[1] 0.01500249
[1] 0.001998366
[1] 0.01622098
[1] 0.002120213
[1] 0.01635243
[1] 0.00216249
[1] 0.01730483
[1] 0.002163712
[1] 0.0173133
[1] 0.002212807
[1] 0.01732591
[1] 0.002296546
[1] 0.01737287
[1] 0.002309849
[1] 0.01779346
[1] 0.002330783
[1] 0.01780579
[1] 0.00240334
[1] 0.01783009
[1] 0.002403872
[1] 0.01922492
[1] 0.002462912
[1] 0.01929519
[1] 0.002544541
[1] 0.01980628
[1] 0.002596142
[1] 0.01982643
[1] 0.002596174
[1] 0.02054894
[1] 0.003175446
[1] 0.02122043
[1] 0.003176444
[1] 0.02123828
[1] 0.003250146
[1] 0.02131592
[1] 0.00325389
[1] 0.02365023
[1] 0.003409719
[1] 0.0237086
[1] 0.003440128
[1] 0.02431297
[1] 0.003513384
[1] 0.02433141
[1] 0.003517023
