[1] -0.02487077
[1] 0.0001990968
[1] 0.0002175818
[1] 0.0003152225
[1] 0.0002196034
[1] 0.0003881598
[1] 0.0002311272
[1] 0.0007134151
[1] 0.0004279898
[1] 0.0008361797
[1] 0.0004607357
[1] 0.0008995264
[1] 0.0004796191
[1] 0.000947892
[1] 0.0004870609
[1] 0.0009641612
[1] 0.0004909078
[1] 0.001444084
[1] 0.0005548045
[1] 0.001478282
[1] 0.0005554162
[1] 0.001633193
[1] 0.0005731958
[1] 0.001641209
[1] 0.0005870428
[1] 0.001707791
[1] 0.0008489894
[1] 0.001708708
[1] 0.0008669453
[1] 0.0017508
[1] 0.0008691503
[1] 0.001786585
[1] 0.0009038765
[1] 0.001932282
[1] 0.001006404
[1] 0.001942516
[1] 0.001065545
[1] 0.002024174
[1] 0.001374935
[1] 0.002551381
[1] 0.001433884
[1] 0.002556004
[1] 0.001730329
[1] 0.002612186
[1] 0.001757096
[1] 0.00261482
[1] 0.001757448
[1] 0.002913346
[1] 0.001776578
[1] 0.002970606
[1] 0.001835925
[1] 0.003763218
[1] 0.001836035
[1] 0.004165746
[1] 0.001924283
[1] 0.004556457
[1] 0.001942498
[1] 0.004564068
[1] 0.001949206
[1] 0.004567471
[1] 0.001954627
[1] 0.004737914
[1] 0.001954805
[1] 0.004740443
[1] 0.001968721
[1] 0.004844466
[1] 0.001971003
[1] 0.006287864
[1] 0.001998007
[1] 0.006560936
[1] 0.00217173
[1] 0.006579558
[1] 0.002208166
[1] 0.007301399
[1] 0.002208343
[1] 0.007596008
[1] 0.002214306
[1] 0.008941025
[1] 0.002224876
[1] 0.00929706
[1] 0.00222769
[1] 0.009313115
[1] 0.002450643
[1] 0.00937296
[1] 0.002451973
[1] 0.009374398
[1] 0.002474707
[1] 0.009657907
[1] 0.002498166
[1] 0.009661858
[1] 0.002515283
[1] 0.009949315
[1] 0.002678515
[1] 0.009970591
[1] 0.002784209
[1] 0.01003135
[1] 0.002784677
[1] 0.01006439
[1] 0.002838549
[1] 0.0112689
[1] 0.002970676
