[1] -0.008602693
[1] 2.408756e-06
[1] 1.101272e-05
[1] 1.129035e-05
[1] 5.9648e-05
[1] 7.221026e-05
[1] 6.442906e-05
[1] 9.223181e-05
[1] 8.910711e-05
[1] 0.0002382945
[1] 0.0001111127
[1] 0.001394095
[1] 0.0003916915
[1] 0.001394257
[1] 0.0004541631
[1] 0.001398939
[1] 0.0005187716
[1] 0.001879007
[1] 0.0005256553
[1] 0.00187921
[1] 0.0005258305
[1] 0.001880923
[1] 0.0005762357
[1] 0.002157133
[1] 0.0006216539
[1] 0.002178939
[1] 0.0006315371
[1] 0.002280755
[1] 0.0006319413
[1] 0.002347107
[1] 0.0006401265
[1] 0.00350502
[1] 0.0006537286
[1] 0.003542319
[1] 0.0009523103
[1] 0.003544202
[1] 0.001267439
[1] 0.003660307
[1] 0.001288516
[1] 0.003692477
[1] 0.001288518
[1] 0.003697212
[1] 0.001289522
[1] 0.003992076
[1] 0.001289944
[1] 0.004101573
[1] 0.001305284
[1] 0.004608183
[1] 0.001418349
[1] 0.004608739
[1] 0.001418444
[1] 0.004900684
[1] 0.001443738
[1] 0.004927814
[1] 0.001528821
[1] 0.005657305
[1] 0.001578151
[1] 0.005671757
[1] 0.001579635
[1] 0.005795335
[1] 0.001885865
[1] 0.006051532
[1] 0.001889528
[1] 0.006147466
[1] 0.001968721
[1] 0.006985446
[1] 0.002108261
[1] 0.008239565
[1] 0.002108833
[1] 0.008240636
[1] 0.002156896
[1] 0.00824149
[1] 0.002287454
[1] 0.008985323
[1] 0.002434182
[1] 0.008994619
[1] 0.002449406
[1] 0.009196489
[1] 0.002449581
[1] 0.009198586
[1] 0.002496205
[1] 0.009387086
[1] 0.002890422
[1] 0.0102382
[1] 0.002895289
[1] 0.01033901
[1] 0.003058806
[1] 0.01047607
[1] 0.003074651
[1] 0.01131272
[1] 0.00308099
[1] 0.01140856
[1] 0.003081122
[1] 0.01158098
[1] 0.003203378
[1] 0.0116527
[1] 0.003205458
[1] 0.01167378
[1] 0.003353375
[1] 0.01167628
[1] 0.003354976
