[1] -0.1070721
[1] 0.001339297
[1] 0.8020872
[1] 1.702081
[1] 0.8065273
[1] 1.73949
[1] 0.8119087
[1] 1.748059
[1] 0.8121055
[1] 1.759003
[1] 0.812218
[1] 1.759085
[1] 1.449252
[1] 1.768113
[1] 1.453932
[1] 1.886831
[1] 1.675234
[1] 1.886965
[1] 1.692839
[1] 1.905292
[1] 1.697812
[1] 1.908317
[1] 1.699718
[1] 1.969031
[1] 1.799881
[1] 1.970133
[1] 1.812212
[1] 1.975055
[1] 1.829685
[1] 1.977898
[1] 1.829701
[1] 1.979277
[1] 1.864157
[1] 1.988984
[1] 1.878053
[1] 1.995981
[1] 2.021981
[1] 1.996642
[1] 2.023839
[1] 1.998183
[1] 2.025548
[1] 3.736138
[1] 2.078932
[1] 7.631723
[1] 2.159201
[1] 7.963219
[1] 3.20197
[1] 7.964152
[1] 8.135539
[1] 8.056056
[1] 8.334579
[1] 8.06714
[1] 8.345067
[1] 8.067311
[1] 8.345577
[1] 8.069324
[1] 8.407997
[1] 9.383129
[1] 8.470929
[1] 9.395916
[1] 11.08633
[1] 9.928415
[1] 11.11471
[1] 9.929216
[1] 11.11764
[1] 9.930024
[1] 11.27352
[1] 9.955803
[1] 11.27455
[1] 9.965688
[1] 11.27758
[1] 9.971765
[1] 11.294
[1] 9.976467
[1] 11.34098
[1] 10.00467
[1] 11.34121
[1] 10.00616
[1] 11.35129
[1] 10.03937
[1] 11.42211
[1] 10.04795
[1] 11.42591
[1] 10.07081
[1] 11.43261
[1] 10.09186
[1] 11.44273
[1] 10.0994
[1] 11.4431
[1] 10.15093
[1] 11.4431
[1] 10.15604
[1] 11.44707
[1] 10.34797
[1] 11.50251
[1] 10.35057
[1] 11.52301
[1] 10.35085
[1] 16.38327
[1] 10.38524
[1] 16.45982
