[1] 0.04927118
[1] 0.0002998737
[1] 0.0003096527
[1] 0.0003603348
[1] 0.0003102262
[1] 0.0003604628
[1] 0.0004175372
[1] 0.001316128
[1] 0.0004614856
[1] 0.001651582
[1] 0.0004878989
[1] 0.001814145
[1] 0.0005841469
[1] 0.002047394
[1] 0.0005928814
[1] 0.002088824
[1] 0.0005988428
[1] 0.002228374
[1] 0.0006000273
[1] 0.002278767
[1] 0.0006154952
[1] 0.003899943
[1] 0.0008790583
[1] 0.004153845
[1] 0.0009116592
[1] 0.004161492
[1] 0.0009119305
[1] 0.004282812
[1] 0.0009177897
[1] 0.004318467
[1] 0.001180634
[1] 0.004386103
[1] 0.001187268
[1] 0.004434034
[1] 0.001453174
[1] 0.004933847
[1] 0.00162607
[1] 0.005681705
[1] 0.00185381
[1] 0.005797512
[1] 0.00185613
[1] 0.006379151
[1] 0.001869178
[1] 0.006650536
[1] 0.001933981
[1] 0.006901512
[1] 0.001937204
[1] 0.007660252
[1] 0.001947044
[1] 0.007724406
[1] 0.00195203
[1] 0.007840365
[1] 0.001984869
[1] 0.00805812
[1] 0.002015495
[1] 0.008068114
[1] 0.002049006
[1] 0.008073192
[1] 0.002050685
[1] 0.008114435
[1] 0.002050759
[1] 0.00839286
[1] 0.002054025
[1] 0.008641484
[1] 0.002055382
[1] 0.008647011
[1] 0.00217911
[1] 0.0086512
[1] 0.002192331
[1] 0.008882938
[1] 0.002203106
[1] 0.008882941
[1] 0.00221092
[1] 0.008926959
[1] 0.002303873
[1] 0.00894276
[1] 0.00233413
[1] 0.009134101
[1] 0.00238275
[1] 0.009227797
[1] 0.0024991
[1] 0.009227927
[1] 0.002500997
[1] 0.009266042
[1] 0.002501555
[1] 0.009267848
[1] 0.002529717
[1] 0.009419904
[1] 0.002545939
[1] 0.009420224
[1] 0.00257821
[1] 0.009441652
[1] 0.002583297
[1] 0.010452
[1] 0.002585482
[1] 0.01052045
[1] 0.002586627
[1] 0.01054534
[1] 0.002586929
[1] 0.0111769
[1] 0.002591991
